LogLevel=1
#if ParamVersion changed, cocf.fw will be regenerated
ParamVersion=15
FWVersion=2122720
PanelCalibration=1
PanelNitsCalibration=1
CMDebug=1
inParam100nits=1
DualInterpolation=1
ForcePanelIdMatch=1
GammaCorrection=1
GammaWK=1
ReplaceOdf=1
ReplaceIndex=6, 7
TargetOdf=5
ColorGamutExtension=1
Frame=12
Step=1
sLuxStart=10000
sLuxEnd=60000
Mdealy=100
RGB_XY_100_75_Step=0.031008,-0.009456,-0.006348,0.068120,-0.005520,-0.004656,0.031008,-0.009456,-0.006348,0.068120,-0.005520,-0.004656
#PanelName=PanelId, PanelName:be set at dts, PanelId: 0~99:primary panel(default without setting), 100~199: secondary panel
AA545_P_3_A0005_dsc_cmd_mode_panel=0
AA569_P_3_A0019_dsc_cmd_mode_panel=0

AA545_P_3_A0005_dsc_cmd_mode_panel_Vivid=0.6830 0.3200 0.2650 0.6900 0.1450 0.0550 0.3026 0.3127 0.4545454545  0.6860 0.3200 0.2650 0.6900 0.1450 0.0550 0.3026 0.3127  0.4545454545  1  0  0  0  0  0  0  0.456621004  1  1  0  0  0  0  0  0.03  0.03  0.04  0.05  0.06  1  0  0  0  0  0  0  0  0  0  0  0  0  1  0  0  0  0  0  0  0  0  0  0  0  0  0  0  0  0  0  0  0  0  0  0  0  0  0  0  0  0  0  0  0  0
AA545_P_3_A0005_dsc_cmd_mode_panel_Nature=0.643 0.3290 0.3000 0.6020 0.1500 0.0590 0.3110 0.3230 0.4545454545  0.6460 0.3300 0.3000 0.6020 0.1480 0.0570 0.3110 0.3230  0.4545454545  1  0  0  0  0  0  0  0.456621004  1  1  0  0  0  0  0  0.03  0.03  0.03  0.03  0.00  1  0  0  0  0  0  0  0  0  0  0  0  0  1  0  0  0  0  0  0  0  0  0  0  0  0  0  0  0  0  0  0  0  0  0  0  0  0  0  0  0  0  0  0  0  0
AA545_P_3_A0005_dsc_cmd_mode_panel_Cinema=0.683 0.3195 0.2650 0.6900 0.1495 0.0595 0.3110 0.3230 0.4545454545  0.6860 0.3190 0.2650 0.6910 0.1480 0.0580 0.3110 0.3230  0.4545454545  1  0  0  0  0  0  0  0.456621004  1  1  0  0  0  0  0  0.03  0.03  0.03  0.03  0.00  1  0  0  0  0  0  0  0  0  0  0  0  0  1  0  0  0  0  0  0  0  0  0  0  0  0  0  0  0  0  0  0  0  0  0  0  0  0  0  0  0  0  0  0  0  0
AA545_P_3_A0005_dsc_cmd_mode_panel_LsRGB=0.6440 0.3290 0.3000 0.6020 0.1450 0.0550 0.3026 0.3127 0.4545454545  0.6440 0.3290 0.3000 0.6000 0.1450 0.0550 0.3026 0.3127  0.4545454545  1  0  0  0  0  0  0  0.456621004  1  1  0  0  0  0  0  0.03  0.03  0.04  0.05  0.05  1  0  0  0  0  0  0  0  0  0  0  0  0  1  0  0  0  0  0  0  0  0  0  0  0  0  0  0  0  0  0  0  0  0  0  0  0  0  0  0  0  0  0  0  0  0
AA545_P_3_A0005_dsc_cmd_mode_panel_EsRGB=0.6702 0.3250 0.2757 0.6826 0.1396 0.0468 0.3026 0.3127 0.4545454545 20 1  0.64  0.33  0.30  0.60  0.15  0.06  0.3026 0.3127  0.4545454545  0.026  0.013  0.252  0.515  -24  0.04  0.02  0.252  0.515  -24  10
AA545_P_3_A0005_dsc_cmd_mode_panel_EP3=0.6702   0.3250 0.2757 0.6826 0.1396 0.0468 0.3026 0.3127 0.4545454545 20 1  0.64  0.33  0.30  0.60  0.15  0.06  0.3026 0.3127  0.4545454545  0.026  0.013  0.252  0.515  -24  0.04  0.02  0.252  0.515  -24  10
AA545_P_3_A0005_dsc_cmd_mode_panel_Vivid_GameEnhanceXY=0.6903 0.3093 0.2444 0.7196 0.1366 0.0478 0.3026 0.3127
AA545_P_3_A0005_dsc_cmd_mode_panel_LsRGB_GameEnhanceXY=0.6903 0.3093 0.2444 0.7196 0.1366 0.0478 0.3026 0.3127
AA545_P_3_A0005_dsc_cmd_mode_panel_Cinema_GameEnhanceXY=0.6903 0.3093 0.2444 0.7196 0.1366 0.0478 0.3110 0.3230
AA545_P_3_A0005_dsc_cmd_mode_panel_Nature_GameEnhanceXY=0.6903 0.3093 0.2444 0.7196 0.1366 0.0478 0.3110 0.3230
AA545_P_3_A0005_dsc_cmd_mode_panel_EP3_GameEnhanceXY=0.6903 0.3093 0.2444 0.7196 0.1366 0.0478 0.3026 0.3127
AA545_P_3_A0005_dsc_cmd_mode_panel_EsRGB_GameEnhanceXY=0.6903 0.3093 0.2444 0.7196 0.1366 0.0478 0.3026 0.3127

AA545_P_3_A0005_dsc_cmd_mode_panel_Vivid_100nits=0.6830 0.3200 0.2650 0.6900 0.1460 0.0560 0.3026 0.3127 0.4545454545  0.6810 0.3200 0.2650 0.6900 0.1460 0.0560 0.3026 0.3127 0.4545454545  1  0  0  0  0  0  0  0.456621004  1  1  0  0  0  0  0  0.03  0.03  0.04  0.04  0.04  1  0  0  0  0  0  0  0  0  0  0  0  0  1  0  0  0  0  0  0  0  0  0  0  0  0  0  0  0  0  0  0  0  0  0  0  0  0  0  0  0  0  0  0  0  0
AA545_P_3_A0005_dsc_cmd_mode_panel_Nature_100nits=0.642 0.3300 0.3000 0.6000 0.1500 0.0600 0.3110 0.3230 0.4545454545  0.6430 0.3300 0.3000 0.6000 0.1500 0.0600 0.3110 0.3230 0.4545454545  1  0  0  0  0  0  0  0.456621004  1  1  0  0  0  0  0  0.03  0.03  0.03  0.03  0.02  1  0  0  0  0  0  0  0  0  0  0  0  0  1  0  0  0  0  0  0  0  0  0  0  0  0  0  0  0  0  0  0  0  0  0  0  0  0  0  0  0  0  0  0  0  0
AA545_P_3_A0005_dsc_cmd_mode_panel_Cinema_100nits=0.680 0.3200 0.2650 0.6900 0.1500 0.0600 0.3110 0.3230 0.4545454545  0.6800 0.3200 0.2650 0.6900 0.1500 0.0600 0.3110 0.3230 0.4545454545  1  0  0  0  0  0  0  0.456621004  1  1  0  0  0  0  0  0.02  0.03  0.02  0.02  0.00  1  0  0  0  0  0  0  0  0  0  0  0  0  1  0  0  0  0  0  0  0  0  0  0  0  0  0  0  0  0  0  0  0  0  0  0  0  0  0  0  0  0  0  0  0  0
AA545_P_3_A0005_dsc_cmd_mode_panel_LsRGB_100nits=0.6440 0.3290 0.3000 0.6020 0.1450 0.0550 0.3026 0.3127 0.4545454545  0.6420 0.3300 0.3000 0.6000 0.1450 0.0550 0.3026 0.3127 0.4545454545  1  0  0  0  0  0  0  0.456621004  1  1  0  0  0  0  0  0.03  0.03  0.04  0.05  0.06  1  0  0  0  0  0  0  0  0  0  0  0  0  1  0  0  0  0  0  0  0  0  0  0  0  0  0  0  0  0  0  0  0  0  0  0  0  0  0  0  0  0  0  0  0  0
AA545_P_3_A0005_dsc_cmd_mode_panel_EsRGB_100nits=0.6702 0.3250 0.2757 0.6826 0.1396 0.0468 0.3026 0.3127 0.4545454545 20  1  0.64  0.33  0.30  0.60  0.15  0.06  0.3026 0.3127 0.4545454545  0.026  0.013  0.252  0.515  -24  0.04  0.02  0.252  0.515  -24  10
AA545_P_3_A0005_dsc_cmd_mode_panel_EP3_100nits=0.6702   0.3250 0.2757 0.6826 0.1396 0.0468 0.3026 0.3127 0.4545454545 20  1  0.64  0.33  0.30  0.60  0.15  0.06  0.3026 0.3127 0.4545454545  0.026  0.013  0.252  0.515  -24  0.04  0.02  0.252  0.515  -24  10

AA545_P_3_A0005_dsc_cmd_mode_panel_Vivid_2nits=0.6820  0.3200  0.2650 0.6900 0.1450 0.0550 0.3026 0.3127 0.4545454545  0.6800 0.3200 0.2650 0.6900 0.1450 0.0550 0.3026 0.3127 0.4545454545  1  0  0  0  0  0  0  0.450450450  1  1 0.3 0.3 0 0  0  0  0  0  0  0  1  0  0  0  0  0  0  0  0  0  0  0  0  1  0  0  0  0  0  0  0  0  0  0  0  0  0  0  0  0  0  0  0  0  0  0  0  0  0  0  0  0  0  0  0  0
AA545_P_3_A0005_dsc_cmd_mode_panel_Nature_2nits=0.640  0.3300  0.3000 0.6000 0.1500 0.0600 0.3110 0.3230 0.4545454545  0.6400 0.3300 0.3000 0.6000 0.1500 0.0600 0.3110 0.3230 0.4545454545  1  0  0  0  0  0  0  0.450450450  1  1  0  0  0  0  0  0  0  0  0  0  1  0  0  0  0  0  0  0  0  0  0  0  0  1  0  0  0  0  0  0  0  0  0  0  0  0  0  0  0  0  0  0  0  0  0  0  0  0  0  0  0  0  0  0  0  0
AA545_P_3_A0005_dsc_cmd_mode_panel_Cinema_2nits=0.680  0.3200  0.2650 0.6900 0.1500 0.0600 0.3110 0.3230 0.4545454545  0.6800 0.3200 0.2650 0.6900 0.1500 0.0600 0.3110 0.3230 0.4545454545  1  0  0  0  0  0  0  0.450450450  1  1  0  0  0  0  0  0  0  0  0  0  1  0  0  0  0  0  0  0  0  0  0  0  0  1  0  0  0  0  0  0  0  0  0  0  0  0  0  0  0  0  0  0  0  0  0  0  0  0  0  0  0  0  0  0  0  0
AA545_P_3_A0005_dsc_cmd_mode_panel_LsRGB_2nits=0.6440  0.3290  0.3000 0.6020 0.1450 0.0550 0.3026 0.3127 0.4545454545  0.6400 0.3300 0.3000 0.6000 0.1450 0.0550 0.3026 0.3127 0.4545454545  1  0  0  0  0  0  0  0.450450450  1  1 0.3 0.3 0 0  0  0  0  0  0  0  1  0  0  0  0  0  0  0  0  0  0  0  0  1  0  0  0  0  0  0  0  0  0  0  0  0  0  0  0  0  0  0  0  0  0  0  0  0  0  0  0  0  0  0  0  0
AA545_P_3_A0005_dsc_cmd_mode_panel_EsRGB_2nits=0.6702  0.3250  0.2757 0.6826 0.1396 0.0468 0.3026 0.3127 0.4545454545 20  1  0.64  0.33  0.30  0.60  0.15  0.06  0.3026 0.3127 0.4545454545  0.026  0.013  0.252  0.515  -24  0.04  0.02  0.252  0.515  -24  10
AA545_P_3_A0005_dsc_cmd_mode_panel_EP3_2nits=0.6702    0.3250  0.2757 0.6826 0.1396 0.0468 0.3026 0.3127 0.4545454545 20  1  0.64  0.33  0.30  0.60  0.15  0.06  0.3026 0.3127 0.4545454545  0.026  0.013  0.252  0.515  -24  0.04  0.02  0.252  0.515  -24  10

AA569_P_3_A0019_dsc_cmd_mode_panel_Vivid=0.6830 0.3200 0.2650 0.6900 0.1450 0.0550 0.3026 0.3127 0.4545454545  0.6860 0.3200 0.2650 0.6900 0.1450 0.0550 0.3026 0.3127  0.4545454545  1  0  0  0  0  0  0  0.456621004  1  1  0  0  0  0  0  0.03  0.03  0.04  0.05  0.06  1  0  0  0  0  0  0  0  0  0  0  0  0  1  0  0  0  0  0  0  0  0  0  0  0  0  0  0  0  0  0  0  0  0  0  0  0  0  0  0  0  0  0  0  0  0
AA569_P_3_A0019_dsc_cmd_mode_panel_Nature=0.647 0.3290 0.3000 0.6000 0.1500 0.0600 0.3110 0.3230 0.4545454545  0.6470 0.3290 0.3000 0.6000 0.1495 0.0610 0.3110 0.3230  0.4545454545  1  0  0  0  0  0  0  0.456621004  1  1  0  0  0  0  0  0.03  0.03  0.03  0.03  0.00  1  0  0  0  0  0  0  0  0  0  0  0  0  1  0  0  0  0  0  0  0  0  0  0  0  0  0  0  0  0  0  0  0  0  0  0  0  0  0  0  0  0  0  0  0  0
AA569_P_3_A0019_dsc_cmd_mode_panel_Cinema=0.683 0.3200 0.2650 0.6900 0.1500 0.0600 0.3110 0.3230 0.4545454545  0.6840 0.3190 0.2650 0.6910 0.1495 0.0610 0.3110 0.3230  0.4545454545  1  0  0  0  0  0  0  0.456621004  1  1  0  0  0  0  0  0.03  0.03  0.03  0.03  0.00  1  0  0  0  0  0  0  0  0  0  0  0  0  1  0  0  0  0  0  0  0  0  0  0  0  0  0  0  0  0  0  0  0  0  0  0  0  0  0  0  0  0  0  0  0  0
AA569_P_3_A0019_dsc_cmd_mode_panel_LsRGB=0.6470 0.3280 0.3000 0.6020 0.1450 0.0550 0.3026 0.3127 0.4545454545  0.6470 0.3280 0.3000 0.6000 0.1450 0.0550 0.3026 0.3127  0.4545454545  1  0  0  0  0  0  0  0.456621004  1  1  0  0  0  0  0  0.03  0.03  0.04  0.05  0.05  1  0  0  0  0  0  0  0  0  0  0  0  0  1  0  0  0  0  0  0  0  0  0  0  0  0  0  0  0  0  0  0  0  0  0  0  0  0  0  0  0  0  0  0  0  0
AA569_P_3_A0019_dsc_cmd_mode_panel_EsRGB=0.6702 0.3250 0.2757 0.6826 0.1396 0.0468 0.3026 0.3127 0.4545454545 20 1  0.64  0.33  0.30  0.60  0.15  0.06  0.3026 0.3127  0.4545454545  0.026  0.013  0.252  0.515  -24  0.04  0.02  0.252  0.515  -24  10
AA569_P_3_A0019_dsc_cmd_mode_panel_EP3=0.6702   0.3250 0.2757 0.6826 0.1396 0.0468 0.3026 0.3127 0.4545454545 20 1  0.64  0.33  0.30  0.60  0.15  0.06  0.3026 0.3127  0.4545454545  0.026  0.013  0.252  0.515  -24  0.04  0.02  0.252  0.515  -24  10
AA569_P_3_A0019_dsc_cmd_mode_panel_Vivid_GameEnhanceXY=0.6903 0.3093 0.2444 0.7196 0.1366 0.0478 0.3026 0.3127
AA569_P_3_A0019_dsc_cmd_mode_panel_LsRGB_GameEnhanceXY=0.6903 0.3093 0.2444 0.7196 0.1366 0.0478 0.3026 0.3127
AA569_P_3_A0019_dsc_cmd_mode_panel_Cinema_GameEnhanceXY=0.6903 0.3093 0.2444 0.7196 0.1366 0.0478 0.3110 0.3230
AA569_P_3_A0019_dsc_cmd_mode_panel_Nature_GameEnhanceXY=0.6903 0.3093 0.2444 0.7196 0.1366 0.0478 0.3110 0.3230
AA569_P_3_A0019_dsc_cmd_mode_panel_EP3_GameEnhanceXY=0.6903 0.3093 0.2444 0.7196 0.1366 0.0478 0.3026 0.3127
AA569_P_3_A0019_dsc_cmd_mode_panel_EsRGB_GameEnhanceXY=0.6903 0.3093 0.2444 0.7196 0.1366 0.0478 0.3026 0.3127

AA569_P_3_A0019_dsc_cmd_mode_panel_Vivid_100nits=0.6830 0.3200 0.2650 0.6900 0.1460 0.0560 0.3026 0.3127 0.4545454545  0.6810 0.3200 0.2650 0.6900 0.1465 0.0570 0.3026 0.3127 0.4545454545  1  0  0  0  0  0  0  0.456621004  1  1  0  0  0  0  0  0.03  0.03  0.04  0.04  0.04  1  0  0  0  0  0  0  0  0  0  0  0  0  1  0  0  0  0  0  0  0  0  0  0  0  0  0  0  0  0  0  0  0  0  0  0  0  0  0  0  0  0  0  0  0  0
AA569_P_3_A0019_dsc_cmd_mode_panel_Nature_100nits=0.645 0.3300 0.3000 0.5990 0.1500 0.0600 0.3110 0.3230 0.4545454545  0.6430 0.3300 0.3000 0.5990 0.1500 0.0610 0.3110 0.3230 0.4545454545  1  0  0  0  0  0  0  0.456621004  1  1  0  0  0  0  0  0.03  0.03  0.03  0.03  0.02  1  0  0  0  0  0  0  0  0  0  0  0  0  1  0  0  0  0  0  0  0  0  0  0  0  0  0  0  0  0  0  0  0  0  0  0  0  0  0  0  0  0  0  0  0  0
AA569_P_3_A0019_dsc_cmd_mode_panel_Cinema_100nits=0.680 0.3200 0.2650 0.6900 0.1500 0.0600 0.3110 0.3230 0.4545454545  0.6800 0.3200 0.2650 0.6900 0.1500 0.0610 0.3110 0.3230 0.4545454545  1  0  0  0  0  0  0  0.456621004  1  1  0  0  0  0  0  0.02  0.03  0.02  0.02  0.00  1  0  0  0  0  0  0  0  0  0  0  0  0  1  0  0  0  0  0  0  0  0  0  0  0  0  0  0  0  0  0  0  0  0  0  0  0  0  0  0  0  0  0  0  0  0
AA569_P_3_A0019_dsc_cmd_mode_panel_LsRGB_100nits=0.6450 0.3290 0.3000 0.6000 0.1460 0.0560 0.3026 0.3127 0.4545454545  0.6435 0.3300 0.3000 0.6000 0.1465 0.0570 0.3026 0.3127 0.4545454545  1  0  0  0  0  0  0  0.456621004  1  1  0  0  0  0  0  0.03  0.03  0.04  0.05  0.06  1  0  0  0  0  0  0  0  0  0  0  0  0  1  0  0  0  0  0  0  0  0  0  0  0  0  0  0  0  0  0  0  0  0  0  0  0  0  0  0  0  0  0  0  0  0
AA569_P_3_A0019_dsc_cmd_mode_panel_EsRGB_100nits=0.6702 0.3250 0.2757 0.6826 0.1396 0.0468 0.3026 0.3127 0.4545454545 20  1  0.64  0.33  0.30  0.60  0.15  0.06  0.3026 0.3127 0.4545454545  0.026  0.013  0.252  0.515  -24  0.04  0.02  0.252  0.515  -24  10
AA569_P_3_A0019_dsc_cmd_mode_panel_EP3_100nits=0.6702   0.3250 0.2757 0.6826 0.1396 0.0468 0.3026 0.3127 0.4545454545 20  1  0.64  0.33  0.30  0.60  0.15  0.06  0.3026 0.3127 0.4545454545  0.026  0.013  0.252  0.515  -24  0.04  0.02  0.252  0.515  -24  10

AA569_P_3_A0019_dsc_cmd_mode_panel_Vivid_2nits=0.6820  0.3200  0.2650 0.6900 0.1450 0.0540 0.3026 0.3127 0.4545454545  0.6800 0.3200 0.2650 0.6900 0.1420 0.0500 0.3026 0.3127 0.4545454545  1  0  0  0  0  0  0  0.450450450  1  1 0.3 0.3 0 0  0  0  0  0  0  0  1  0  0  0  0  0  0  0  0  0  0  0  0  1  0  0  0  0  0  0  0  0  0  0  0  0  0  0  0  0  0  0  0  0  0  0  0  0  0  0  0  0  0  0  0  0
AA569_P_3_A0019_dsc_cmd_mode_panel_Nature_2nits=0.647  0.3300  0.3000 0.6000 0.1480 0.0550 0.3110 0.3230 0.4545454545  0.6470 0.3260 0.3000 0.6000 0.1470 0.0520 0.3110 0.3230 0.4545454545  1  0  0  0  0  0  0  0.450450450  1  1  0  0  0  0  0  0  0  0  0  0  1  0  0  0  0  0  0  0  0  0  0  0  0  1  0  0  0  0  0  0  0  0  0  0  0  0  0  0  0  0  0  0  0  0  0  0  0  0  0  0  0  0  0  0  0  0
AA569_P_3_A0019_dsc_cmd_mode_panel_Cinema_2nits=0.682  0.3220  0.2650 0.6900 0.1480 0.0550 0.3110 0.3230 0.4545454545  0.6810 0.3190 0.2650 0.6900 0.1470 0.0520 0.3110 0.3230 0.4545454545  1  0  0  0  0  0  0  0.450450450  1  1  0  0  0  0  0  0  0  0  0  0  1  0  0  0  0  0  0  0  0  0  0  0  0  1  0  0  0  0  0  0  0  0  0  0  0  0  0  0  0  0  0  0  0  0  0  0  0  0  0  0  0  0  0  0  0  0
AA569_P_3_A0019_dsc_cmd_mode_panel_LsRGB_2nits=0.6470  0.3280  0.3000 0.6000 0.1450 0.0540 0.3026 0.3127 0.4545454545  0.6490 0.3250 0.3000 0.6000 0.1420 0.0500 0.3026 0.3127 0.4545454545  1  0  0  0  0  0  0  0.450450450  1  1 0.3 0.3 0 0  0  0  0  0  0  0  1  0  0  0  0  0  0  0  0  0  0  0  0  1  0  0  0  0  0  0  0  0  0  0  0  0  0  0  0  0  0  0  0  0  0  0  0  0  0  0  0  0  0  0  0  0
AA569_P_3_A0019_dsc_cmd_mode_panel_EsRGB_2nits=0.6702  0.3250  0.2757 0.6826 0.1396 0.0468 0.3026 0.3127 0.4545454545 20  1  0.64  0.33  0.30  0.60  0.15  0.06  0.3026 0.3127 0.4545454545  0.026  0.013  0.252  0.515  -24  0.04  0.02  0.252  0.515  -24  10
AA569_P_3_A0019_dsc_cmd_mode_panel_EP3_2nits=0.6702    0.3250  0.2757 0.6826 0.1396 0.0468 0.3026 0.3127 0.4545454545 20  1  0.64  0.33  0.30  0.60  0.15  0.06  0.3026 0.3127 0.4545454545  0.026  0.013  0.252  0.515  -24  0.04  0.02  0.252  0.515  -24  10

